harvest,location,point,comm.per.acre_point.supp,comm.per.acre_point.exp01,comm.per.acre_point.exp02,comm.per.acre_point.exp03,comm.per.acre_point.expsapl,comm.per.acre_point.exp,comm.per.acre_point.top4,count
boot,interior,349,7089.85093744189,2025.6716964119687,0,0,0,2025.6716964119687,385.1589656094425,1
boot,interior,350,2025.6716964119687,5064.179241029922,0,0,0,5064.179241029922,0,1
boot,interior,351,0,9115.52263385386,0,0,0,9115.52263385386,0,1
boot,interior,352,3038.507544617953,0,385.1589656094425,0,0,385.1589656094425,0,1
boot,interior,353,5064.179241029922,13166.866026677797,0,0,0,13166.866026677797,1155.4768968283274,1
boot,interior,354,5064.179241029922,0,0,0,0,0,0,1
boot,interior,355,17218.209419501734,7089.85093744189,1540.63586243777,0,0,8630.48679987966,0,1
boot,interior,357,1012.8358482059843,0,385.1589656094425,0,0,385.1589656094425,385.1589656094425,1
boot,interior,358,1012.8358482059843,0,0,0,0,0,0,1
boot,interior,359,2025.6716964119687,0,0,0,0,0,0,1
boot,interior,360,0,2025.6716964119687,0,0,0,2025.6716964119687,0,1
boot,interior,361,0,2025.6716964119687,0,0,0,2025.6716964119687,770.317931218885,1
boot,interior,362,21269.55281232567,0,0,0,0,0,0,1
boot,interior,364,2025.6716964119687,2025.6716964119687,0,0,0,2025.6716964119687,0,1
boot,interior,365,12154.030178471812,0,770.317931218885,0,0,770.317931218885,770.317931218885,1
boot,interior,366,1012.8358482059843,8102.686785647875,1155.4768968283274,0,0,9258.163682476203,1540.63586243777,1
boot,interior,367,6077.015089235906,0,4621.90758731331,0,0,4621.90758731331,1540.63586243777,1
boot,interior,368,0,2025.6716964119687,385.1589656094425,0,0,2410.830662021411,385.1589656094425,1
boot,interior,369,15192.537723089767,27346.56790156158,0,0,0,27346.56790156158,1540.63586243777,1
boot,perimeter,951,12154.030178471812,14179.70187488378,770.317931218885,0,0,14950.019806102664,0,1
boot,perimeter,952,2025.6716964119687,4051.3433928239374,0,0,0,4051.3433928239374,0,1
boot,perimeter,953,10128.358482059844,2025.6716964119687,1540.63586243777,0,0,3566.3075588497386,1155.4768968283274,1
boot,perimeter,954,1012.8358482059843,1012.8358482059843,0,0,0,1012.8358482059843,0,1
boot,perimeter,955,0,1012.8358482059843,0,0,0,1012.8358482059843,385.1589656094425,1
boot,perimeter,956,0,7089.85093744189,0,0,0,7089.85093744189,0,1
boot,perimeter,958,11141.19433026583,16205.37357129575,0,0,0,16205.37357129575,0,1
boot,perimeter,959,4051.3433928239374,10128.358482059844,0,0,0,10128.358482059844,0,1
boot,perimeter,960,10128.358482059844,0,0,0,0,0,0,1
boot,perimeter,962,1012.8358482059843,0,0,0,0,0,0,1
boot,perimeter,963,1012.8358482059843,4051.3433928239374,0,0,0,4051.3433928239374,0,1
boot,perimeter,964,3038.507544617953,4051.3433928239374,0,0,0,4051.3433928239374,1155.4768968283274,1
boot,perimeter,965,2025.6716964119687,21269.552812325674,385.1589656094425,0,0,21654.711777935117,385.1589656094425,1
cgl,control,730,1012.8358482059843,14179.701874883782,2696.1127592660973,0,0,16875.81463414988,1540.63586243777,1
cgl,control,731,3038.507544617953,5064.179241029922,0,0,0,5064.179241029922,385.1589656094425,1
cgl,control,732,1012.8358482059843,1012.8358482059843,1155.4768968283274,0,0,2168.312745034312,1155.4768968283274,1
cgl,control,733,0,5064.179241029922,0,0,0,5064.179241029922,0,1
cgl,control,734,0,0,0,0,0,0,0,1
cgl,control,735,0,18231.04526770772,385.1589656094425,0,0,18616.20423331716,385.1589656094425,1
cgl,control,737,0,6077.015089235906,0,0,0,6077.015089235906,385.1589656094425,1
cgl,control,738,0,9115.52263385386,0,0,0,9115.52263385386,770.317931218885,1
cgl,control,740,0,12154.030178471812,0,0,0,12154.030178471812,385.1589656094425,1
cgl,control,742,3038.507544617953,25320.89620514961,0,0,0,25320.89620514961,385.1589656094425,1
cgl,control,743,2025.6716964119687,24308.060356943624,0,0,0,24308.060356943624,0,1
cgl,control,744,8102.686785647875,21269.55281232567,0,0,0,21269.55281232567,770.317931218885,1
cgl,control,745,0,2025.6716964119687,385.1589656094425,0,0,2410.830662021411,385.1589656094425,1
crp,control,746,0,1012.8358482059843,0,0,0,1012.8358482059843,0,1
crp,control,747,0,2025.6716964119687,0,0,0,2025.6716964119687,770.317931218885,1
crp,control,748,0,3038.507544617953,0,0,0,3038.507544617953,0,1
crp,control,750,0,1012.8358482059843,0,0,0,1012.8358482059843,385.1589656094425,1
crp,control,752,0,3038.507544617953,0,0,0,3038.507544617953,0,1
crp,control,753,0,2025.6716964119687,0,0,0,2025.6716964119687,0,1
crp,control,754,0,8102.686785647875,385.1589656094425,0,0,8487.845751257317,0,1
crp,control,755,0,1012.8358482059843,0,0,0,1012.8358482059843,0,1
crp,control,756,0,1012.8358482059843,0,0,0,1012.8358482059843,0,1
crp,control,757,0,1012.8358482059843,0,0,0,1012.8358482059843,0,1
crp,control,758,1012.8358482059843,9115.52263385386,0,0,0,9115.52263385386,0,1
crp,control,761,0,3038.507544617953,0,0,0,3038.507544617953,0,1
crp,control,762,1012.8358482059843,7089.85093744189,0,0,0,7089.85093744189,0,1
crp,control,763,0,8102.686785647875,0,0,0,8102.686785647875,1540.63586243777,1
crp,control,764,0,4051.3433928239374,0,0,0,4051.3433928239374,0,1
crp,control,766,0,5064.179241029922,385.1589656094425,0,0,5449.338206639364,0,1
crp,control,767,0,7089.85093744189,0,0,0,7089.85093744189,0,1
crp,control,768,0,2025.6716964119687,0,0,0,2025.6716964119687,385.1589656094425,1
crp,control,769,0,3038.507544617953,0,0,0,3038.507544617953,385.1589656094425,1
crp,control,770,0,7089.85093744189,0,0,0,7089.85093744189,1155.4768968283274,1
crp,control,771,6077.015089235906,3038.507544617953,0,0,0,3038.507544617953,385.1589656094425,1
crp,control,772,0,1012.8358482059843,0,0,0,1012.8358482059843,0,1
crp,control,773,0,1012.8358482059843,0,0,0,1012.8358482059843,385.1589656094425,1
crp,control,774,0,7089.85093744189,0,0,0,7089.85093744189,1540.63586243777,1
crp,control,775,0,2025.6716964119687,0,0,0,2025.6716964119687,770.317931218885,1
cwb,control,384,0,3038.507544617953,0,0,0,3038.507544617953,1155.4768968283274,1
cwb,control,385,0,4051.3433928239374,1155.4768968283274,0,0,5206.820289652265,1540.63586243777,1
cwb,control,386,2025.6716964119687,18231.04526770772,0,0,0,18231.04526770772,1540.63586243777,1
cwb,control,387,8102.686785647875,23295.22450873764,0,0,0,23295.22450873764,1540.63586243777,1
cwb,control,388,4051.3433928239374,0,0,0,0,0,1540.63586243777,1
cwb,control,389,5064.179241029922,8102.686785647875,0,0,0,8102.686785647875,1540.63586243777,1
cwb,control,390,9115.52263385386,22282.388660531655,0,0,0,22282.388660531655,1540.63586243777,1
cwb,control,391,3038.507544617953,5064.179241029922,0,0,0,5064.179241029922,1540.63586243777,1
cwb,control,392,1012.8358482059843,1012.8358482059843,0,0,0,1012.8358482059843,0,1
cwb,control,393,35449.25468720945,30385.07544617953,0,0,0,30385.07544617953,385.1589656094425,1
cwb,control,394,1012.8358482059843,0,0,0,0,0,385.1589656094425,1
cwb,control,395,0,2025.6716964119687,0,0,0,2025.6716964119687,770.317931218885,1
cwb,control,396,1012.8358482059843,0,0,0,0,0,385.1589656094425,1
cwb,control,397,1012.8358482059843,0,0,0,0,0,0,1
cwb,control,399,1012.8358482059843,0,0,0,0,0,0,1
cwb,control,400,1012.8358482059843,0,0,0,0,0,0,1
cwb,control,702,1012.8358482059843,8102.686785647875,0,0,0,8102.686785647875,1155.4768968283274,1
cwb,control,705,1012.8358482059843,0,0,0,0,0,0,1
cwb,control,706,2025.6716964119687,1012.8358482059843,0,0,0,1012.8358482059843,1155.4768968283274,1
cwb,control,707,1012.8358482059843,0,0,0,0,0,385.1589656094425,1
cwb,control,708,2025.6716964119687,17218.209419501734,0,0,0,17218.209419501734,1540.63586243777,1
cwb,control,710,0,2025.6716964119687,0,0,0,2025.6716964119687,0,1
cwb,control,711,3038.507544617953,6077.015089235906,0,0,0,6077.015089235906,1540.63586243777,1
cwb,control,712,2025.6716964119687,1012.8358482059843,0,0,0,1012.8358482059843,0,1
cwb,control,713,2025.6716964119687,0,0,0,0,0,0,1
cwb,control,947,1012.8358482059843,3038.507544617953,0,0,0,3038.507544617953,0,1
cwb,control,948,6077.015089235906,21269.552812325674,385.1589656094425,0,0,21654.711777935117,1540.63586243777,1
cwb,control,949,2025.6716964119687,1012.8358482059843,0,0,0,1012.8358482059843,1155.4768968283274,1
gl,interior,836,0,1012.8358482059843,0,0,0,1012.8358482059843,385.1589656094425,1
gl,interior,837,0,1012.8358482059843,3081.27172487554,0,0,4094.107573081524,770.317931218885,1
gl,interior,838,0,3038.507544617953,1925.7948280472124,0,0,4964.302372665165,770.317931218885,1
gl,interior,839,1012.8358482059843,0,1925.7948280472124,0,0,1925.7948280472124,0,1
gl,interior,840,0,1012.8358482059843,0,0,0,1012.8358482059843,0,1
gl,interior,841,0,0,385.1589656094425,0,0,385.1589656094425,0,1
gl,interior,842,0,0,2696.1127592660973,385.1589656094425,0,3081.27172487554,1155.4768968283274,1
gl,interior,843,0,0,3851.5896560944248,385.1589656094425,0,4236.748621703868,770.317931218885,1
gl,interior,844,1012.8358482059843,1012.8358482059843,385.1589656094425,0,0,1397.9948138154268,0,1
gl,interior,845,1012.8358482059843,1012.8358482059843,770.317931218885,0,0,1783.1537794248693,0,1
gl,interior,847,8873.004716866759,1012.8358482059843,3466.4306904849823,1155.4768968283274,770.317931218885,6405.061366738179,1540.63586243777,1
gl,interior,848,0,0,385.1589656094425,0,0,385.1589656094425,385.1589656094425,1
gl,interior,849,2025.6716964119687,0,770.317931218885,0,0,770.317931218885,0,1
gl,interior,850,0,3038.507544617953,0,0,0,3038.507544617953,385.1589656094425,1
gl,interior,851,3038.507544617953,0,1540.63586243777,0,0,1540.63586243777,770.317931218885,1
gl,interior,852,0,0,4621.90758731331,0,0,4621.90758731331,1540.63586243777,1
gl,interior,853,6077.015089235906,3038.507544617953,3081.27172487554,0,0,6119.779269493492,770.317931218885,1
gl,interior,855,5064.179241029922,2025.6716964119687,0,0,0,2025.6716964119687,0,1
gl,interior,857,2025.6716964119687,4051.3433928239374,385.1589656094425,0,0,4436.502358433379,385.1589656094425,1
gl,interior,858,0,6077.015089235906,0,0,0,6077.015089235906,0,1
gl,interior,859,1012.8358482059843,0,1925.7948280472124,0,0,1925.7948280472124,385.1589656094425,1
gl,interior,860,1012.8358482059843,1012.8358482059843,2696.1127592660973,0,0,3708.9486074720817,0,1
gl,interior,861,3038.507544617953,0,1155.4768968283274,0,0,1155.4768968283274,0,1
gl,interior,864,11141.19433026583,0,0,0,0,0,0,1
gl,interior,865,8102.686785647875,0,1540.63586243777,0,0,1540.63586243777,1155.4768968283274,1
gl,interior,866,2025.6716964119687,2025.6716964119687,12325.08689950216,0,0,14350.758595914129,1540.63586243777,1
gl,interior,867,0,3038.507544617953,385.1589656094425,0,0,3423.6665102273955,385.1589656094425,1
gl,interior,868,1012.8358482059843,2025.6716964119687,2696.1127592660973,0,0,4721.784455678066,1540.63586243777,1
gl,interior,869,8102.686785647875,2025.6716964119687,385.1589656094425,0,0,2410.830662021411,1155.4768968283274,1
gl,interior,870,0,5064.179241029922,385.1589656094425,0,0,5449.338206639364,770.317931218885,1
gl,interior,871,0,0,385.1589656094425,0,0,385.1589656094425,0,1
gl,interior,872,1012.8358482059843,0,385.1589656094425,0,0,385.1589656094425,0,1
gl,interior,875,0,15192.537723089765,385.1589656094425,0,0,15577.696688699207,0,1
gl,interior,876,4051.3433928239374,1012.8358482059843,0,0,0,1012.8358482059843,0,1
gl,interior,877,0,2025.6716964119687,0,0,0,2025.6716964119687,770.317931218885,1
gl,interior,878,5064.179241029922,4051.3433928239374,5007.066552922752,0,0,9058.40994574669,0,1
gl,interior,879,0,1012.8358482059843,0,0,0,1012.8358482059843,0,1
gl,perimeter,801,0,0,1540.63586243777,0,0,1540.63586243777,1155.4768968283274,1
gl,perimeter,802,27104.049984574478,0,2310.953793656655,0,0,2310.953793656655,770.317931218885,1
gl,perimeter,803,0,1012.8358482059843,1540.63586243777,0,0,2553.4717106437542,1540.63586243777,1
gl,perimeter,804,1012.8358482059843,2025.6716964119687,2310.953793656655,0,0,4336.625490068624,1540.63586243777,1
gl,perimeter,805,1012.8358482059843,2025.6716964119687,0,0,0,2025.6716964119687,770.317931218885,1
gl,perimeter,806,385.1589656094425,1012.8358482059843,0,0,0,1012.8358482059843,0,1
gl,perimeter,807,4051.3433928239374,3038.507544617953,385.1589656094425,0,0,3423.6665102273955,0,1
gl,perimeter,808,2025.6716964119687,0,3466.4306904849823,2310.953793656655,385.1589656094425,6162.54344975108,1540.63586243777,1
gl,perimeter,809,0,5064.179241029922,385.1589656094425,0,0,5449.338206639364,0,1
gl,perimeter,810,28359.40374976756,0,6932.861380969965,0,0,6932.861380969965,385.1589656094425,1
gl,perimeter,811,6077.015089235906,4051.3433928239374,20798.584142909895,0,0,24849.927535733834,1540.63586243777,1
gl,perimeter,812,2025.6716964119687,5064.179241029922,4236.748621703868,0,0,9300.927862733788,770.317931218885,1
gl,perimeter,813,0,1012.8358482059843,0,0,0,1012.8358482059843,385.1589656094425,1
gl,perimeter,815,0,1012.8358482059843,1925.7948280472124,0,0,2938.6306762531967,0,1
gl,perimeter,816,1012.8358482059843,4051.3433928239374,3851.5896560944248,0,0,7902.933048918362,770.317931218885,1
gl,perimeter,817,385.1589656094425,5064.179241029922,770.317931218885,0,0,5834.497172248806,0,1
gl,perimeter,818,2025.6716964119687,0,770.317931218885,0,0,770.317931218885,0,1
gl,perimeter,819,1012.8358482059843,0,770.317931218885,0,0,770.317931218885,0,1
gl,perimeter,820,9115.52263385386,0,0,0,0,0,0,1
gl,perimeter,822,0,8102.686785647875,0,0,0,8102.686785647875,385.1589656094425,1
gl,perimeter,823,2025.6716964119687,1012.8358482059843,0,0,0,1012.8358482059843,0,1
gl,perimeter,824,1012.8358482059843,0,0,0,0,0,0,1
gl,perimeter,826,2025.6716964119687,4051.3433928239374,385.1589656094425,0,0,4436.502358433379,385.1589656094425,1
gl,perimeter,827,2025.6716964119687,4051.3433928239374,385.1589656094425,0,0,4436.502358433379,0,1
gl,perimeter,828,0,0,1540.63586243777,0,0,1540.63586243777,385.1589656094425,1
gl,perimeter,829,0,2025.6716964119687,1155.4768968283274,0,0,3181.148593240296,1155.4768968283274,1
gl,perimeter,830,4051.3433928239374,2025.6716964119687,2696.1127592660973,0,0,4721.784455678066,385.1589656094425,1
gl,perimeter,831,11526.35329587527,6077.015089235906,3851.5896560944248,0,0,9928.60474533033,1155.4768968283274,1
gl,perimeter,832,0,2025.6716964119687,0,0,0,2025.6716964119687,0,1
gl,perimeter,834,0,5064.179241029922,0,0,0,5064.179241029922,385.1589656094425,1
gl,perimeter,835,0,7089.850937441891,3081.27172487554,0,0,10171.12266231743,1540.63586243777,1
rp,interior,334,0,5064.179241029922,385.1589656094425,0,0,5449.338206639364,770.317931218885,1
rp,interior,335,4051.3433928239374,0,0,0,0,0,0,1
rp,interior,336,3038.507544617953,1012.8358482059843,770.317931218885,0,0,1783.1537794248693,0,1
rp,interior,337,0,8102.686785647875,385.1589656094425,0,0,8487.845751257317,1155.4768968283274,1
rp,interior,338,0,25320.89620514961,1540.63586243777,0,0,26861.53206758738,1540.63586243777,1
rp,interior,339,0,7089.85093744189,385.1589656094425,0,0,7475.009903051333,1540.63586243777,1
rp,interior,340,15192.537723089765,10128.358482059844,3466.4306904849823,0,0,13594.789172544824,0,1
rp,interior,341,0,1012.8358482059843,0,0,0,1012.8358482059843,0,1
rp,interior,342,0,6077.015089235906,1155.4768968283274,0,0,7232.491986064233,770.317931218885,1
rp,interior,343,1012.8358482059843,0,0,0,0,0,0,1
rp,interior,344,1012.8358482059843,6077.015089235906,770.317931218885,0,385.1589656094425,7232.491986064233,0,1
rp,interior,345,0,14179.70187488378,0,0,0,14179.70187488378,1540.63586243777,1
rp,interior,346,1012.8358482059843,37474.926383621416,385.1589656094425,0,0,37860.08534923086,0,1
rp,interior,347,0,3038.507544617953,0,0,0,3038.507544617953,0,1
rp,interior,348,1012.8358482059843,20256.716964119685,0,0,0,20256.716964119685,0,1
rp,perimeter,880,2025.6716964119687,0,0,0,0,0,0,1
rp,perimeter,881,0,0,1540.63586243777,0,0,1540.63586243777,385.1589656094425,1
rp,perimeter,883,1012.8358482059843,2025.6716964119687,385.1589656094425,0,0,2410.830662021411,385.1589656094425,1
rp,perimeter,884,0,4051.3433928239374,1540.63586243777,0,0,5591.979255261707,385.1589656094425,1
rp,perimeter,885,3038.507544617953,0,0,0,0,0,0,1
rp,perimeter,886,1012.8358482059843,0,0,0,0,0,0,1
rp,perimeter,887,8102.686785647875,0,1925.7948280472124,0,0,1925.7948280472124,385.1589656094425,1
rp,perimeter,888,0,1012.8358482059843,1540.63586243777,0,0,2553.4717106437542,1540.63586243777,1
rp,perimeter,889,1012.8358482059843,2025.6716964119687,0,0,0,2025.6716964119687,770.317931218885,1
rp,perimeter,890,1012.8358482059843,6077.015089235906,0,0,0,6077.015089235906,0,1
rp,perimeter,891,5064.179241029922,8102.686785647875,770.317931218885,0,0,8873.004716866759,385.1589656094425,1
rp,perimeter,892,0,4051.3433928239374,0,0,0,4051.3433928239374,0,1
wedge,interior,370,6077.015089235906,12154.030178471812,0,0,0,12154.030178471812,0,1
wedge,interior,371,6077.015089235906,16205.37357129575,0,0,0,16205.37357129575,0,1
wedge,interior,372,3038.507544617953,0,0,0,0,0,0,1
wedge,interior,373,0,98245.07727598048,0,0,0,98245.07727598048,0,1
wedge,interior,375,5064.179241029922,1012.8358482059843,0,0,0,1012.8358482059843,385.1589656094425,1
wedge,interior,378,2025.6716964119687,2025.6716964119687,0,0,0,2025.6716964119687,0,1
wedge,interior,380,1012.8358482059843,1012.8358482059843,0,0,0,1012.8358482059843,0,1
wedge,interior,381,1012.8358482059843,1012.8358482059843,0,0,0,1012.8358482059843,770.317931218885,1
wedge,interior,382,3038.507544617953,0,0,0,0,0,0,1
wedge,interior,383,1012.8358482059843,2025.6716964119687,1540.63586243777,1155.4768968283274,0,4721.784455678066,1540.63586243777,1
wedge,perimeter,966,3038.507544617953,1012.8358482059843,0,0,0,1012.8358482059843,0,1
wedge,perimeter,967,9115.52263385386,5064.179241029922,0,0,0,5064.179241029922,0,1
wedge,perimeter,968,0,7089.85093744189,1540.63586243777,385.1589656094425,0,9015.645765489102,1540.63586243777,1
wedge,perimeter,972,11141.194330265827,2025.6716964119687,385.1589656094425,0,0,2410.830662021411,0,1
wedge,perimeter,974,5064.179241029922,0,0,0,0,0,0,1
wedge,perimeter,975,0,13166.866026677797,0,0,0,13166.866026677797,0,1
boot,interior,356,0,0,0,0,0,0,0,1
boot,interior,363,0,0,0,0,0,0,0,1
boot,perimeter,950,0,0,0,0,0,0,0,1
boot,perimeter,957,0,0,0,0,0,0,0,1
boot,perimeter,961,0,0,0,0,0,0,0,1
cgl,control,729,0,0,0,0,0,0,0,1
cgl,control,736,0,0,0,0,0,0,0,1
cgl,control,739,0,0,0,0,0,0,0,1
cgl,control,741,0,0,0,0,0,0,0,1
crp,control,751,0,0,0,0,0,0,0,1
crp,control,759,0,0,0,0,0,0,0,1
crp,control,760,0,0,0,0,0,0,0,1
crp,control,765,0,0,0,0,0,0,0,1
cwb,control,398,0,0,0,0,0,0,0,1
cwb,control,701,0,0,0,0,0,0,0,1
cwb,control,703,0,0,0,0,0,0,0,1
cwb,control,704,0,0,0,0,0,0,0,1
cwb,control,709,0,0,0,0,0,0,0,1
cwb,control,946,0,0,0,0,0,0,0,1
gl,interior,846,0,0,0,0,0,0,0,1
gl,interior,854,0,0,0,0,0,0,0,1
gl,interior,856,0,0,0,0,0,0,0,1
gl,interior,862,0,0,0,0,0,0,0,1
gl,interior,863,0,0,0,0,0,0,0,1
gl,interior,873,0,0,0,0,0,0,0,1
gl,interior,874,0,0,0,0,0,0,0,1
gl,perimeter,814,0,0,0,0,0,0,0,1
gl,perimeter,821,0,0,0,0,0,0,0,1
gl,perimeter,825,0,0,0,0,0,0,0,1
gl,perimeter,833,0,0,0,0,0,0,0,1
rp,perimeter,882,0,0,0,0,0,0,0,1
wedge,interior,374,0,0,0,0,0,0,0,1
wedge,interior,376,0,0,0,0,0,0,0,1
wedge,interior,377,0,0,0,0,0,0,0,1
wedge,interior,379,0,0,0,0,0,0,0,1
wedge,perimeter,969,0,0,0,0,0,0,0,1
wedge,perimeter,970,0,0,0,0,0,0,0,1
wedge,perimeter,971,0,0,0,0,0,0,0,1
wedge,perimeter,973,0,0,0,0,0,0,0,1
